[gd_scene load_steps=9 format=3 uid="uid://ccfor5yj8jlo8"]

[ext_resource type="PackedScene" uid="uid://coyjefbogouuy" path="res://assets/scenes/camera.tscn" id="3_vpdq8"]
[ext_resource type="PackedScene" uid="uid://bwrteriduaif5" path="res://assets/scenes/UI.tscn" id="3_x424g"]
[ext_resource type="PackedScene" uid="uid://j8nd1qc28s7d" path="res://assets/scenes/player.tscn" id="4_hdkei"]
[ext_resource type="PackedScene" uid="uid://xpf0qlm4agdp" path="res://assets/scenes/parser.tscn" id="5_4xpym"]
[ext_resource type="PackedScene" uid="uid://du6c2warfhxof" path="res://assets/scenes/save_load.tscn" id="6_66qot"]

[sub_resource type="ShaderMaterial" id="ShaderMaterial_ogpwb"]

[sub_resource type="Sky" id="Sky_d7y1g"]
sky_material = SubResource("ShaderMaterial_ogpwb")

[sub_resource type="Environment" id="Environment_t1d16"]
background_mode = 1
background_color = Color(0.405579, 0.483814, 0.352536, 1)
sky = SubResource("Sky_d7y1g")
sky_custom_fov = 15.4

[node name="main" type="Node3D"]

[node name="UI" parent="." instance=ExtResource("3_x424g")]

[node name="parser" parent="." instance=ExtResource("5_4xpym")]

[node name="DirectionalLight3D" type="DirectionalLight3D" parent="."]
transform = Transform3D(1, 0, 0, 0, -0.897258, 0.441506, 0, -0.441506, -0.897258, 0, 17.5641, 0)
light_color = Color(0.709188, 0.598017, 0.562156, 1)
light_energy = 3.832
light_indirect_energy = 9.279
light_volumetric_fog_energy = 0.0
light_angular_distance = 43.95

[node name="WorldEnvironment" type="WorldEnvironment" parent="."]
environment = SubResource("Environment_t1d16")

[node name="Save_Load" parent="." instance=ExtResource("6_66qot")]

[node name="player" parent="." node_paths=PackedStringArray("parser") instance=ExtResource("4_hdkei")]
parser = NodePath("../parser")

[node name="Camera" parent="player" instance=ExtResource("3_vpdq8")]
transform = Transform3D(1, 0, 0, 0, 0.79572725, 0.60565513, 0, -0.60565513, 0.79572725, 0, 0, 0)
top_level = true

[node name="Camera3D" parent="player/Camera" index="0"]
transform = Transform3D(1, 0, 0, 0, 0.7431447, 0.66913074, 0, -0.6691307, 0.74314475, 0, 275.80063, 232.49055)
fov = 79.1

[editable path="player/Camera"]
